vm

010100100οἱ 00 0101101001, 011100 1101000000 001 100000001001 001000
01000010001.

(11110 111010 1001 0100 010 00101010, 1 010010 00001000010001000101101

0001010100. 810000, 0010101 0100000οο 101010οἰ0 00000, 00 001011 01001

’ 0010010, 010011010010 010 110000 010000 000000001οο 010 0010100101 bi·

. 011001011. Ζ 1000000οο10 110000 10010 10000 0101100 0001011 010 11000100

111000 Ρο101100 1000 000000001οο 010 00 Ρο10111 0110000010000000,Ι 0000

100 00010001001 000010 110000. 000 00100010 w 0101010 01010 1110101011

000001, 00 111000 010 000101001 00100000001,101110 Ρο1001 0100011 1010010

0 1010100 00000010 0001010010, 1100100110100100000010 J 00110 nuder

00000001 1101001000 00 0001011001000 0000000, 00 1000 0110000001 010-

0010 0010111, 001000 100000001 0 0001010 1110000 00000010 001010 0101-
1100000000.

110100 1101001 1100000100 0101010 za 100010 11010111, 010 0001 0110-
010011 010 00 ,000010000 0110011001110 000000000. ’110 0111000 00100010
00 00100011 10000 1001011000100. 110100 0011 00011 111001101001010
1101010 100 00000 010001010000 001000 001000 00 00000001 000101010110-
0100 010010001000,1100000010οο. 010001000 1010001000, 000 010 1100110-
010010001000 100 0000001 00 010101, 010011 0 10010 1101100010 1101000001

’ 00010, 0 0010101 0 1011011001· 10010100. Ρ10100000000 00, 1000110οο, 00· ,
0000 00 0000 10101 00 00010100100 1101001000, 1100101000οο 00010 0 010
10 1110101000. Ani 1000 010 011 0100000010, ani 1000 0000010010.
W Ρο1000 10001101 010 000000010, 0 001000 1001001 010 00 0000000111 1110-
1000101 00010010 1 01010-1000101.

0000 001000001 00010000110001010010 1001 01100000, 010100010100
0001000 10000 1101001001 1110010011 10100100, 1 010001οὀ0 1101001010 ,

W 0001 11000001 70000 0100001010οἰοο 1110000000 00000 1110111000
00 01001 0 1001110010 100100, 00001 001 010 0010 1100010 000001, 011101-
00100101 0100000 1101000. 0100010 00000 101001 00010 00000 010000, 11101-
11000 00 001010 0110001110 0100100 11010010, 000 0100110100 100011οό0 00
100010 00111 01010010010110010, 0010- 101010100010, 00111100 0000011100-
0001001110.

00 00 010000 0010101000 10000101100010 0 1101001000 10001 000000100

’ 00001 000101000101 00001,1100100,00 100 0 1000 1810 0101010010οΙ.
Β10110010111 1001010100 000100010 00100οο00 0100010100 1001110οἰ000 01110
0100000 0 000 1 111000 000, 00 1110010111 0000000101. ’

1101000 0101100010 0010001 100010 11100 010 010010,111000100001011 1
1110010011 1 0 0010010 000100 010010, 0 1ο 100100000100010 01010001100001-
000) 100 010100100110100100 1110000, 0100000111 0100010111 1101000-10001011

0100010 01000010 010000-1101011001000. Ρο00 0100100 Ρο100101001 10 010
0111 1101100000, 010 0111 1100011000 0 0000100100 0001000οο 10 000100000
010100. 10010 00011000000 0101100 01000100100. 0000000 00000 1000100
00101, 1110011 101001 010 0001, 010101100000001010 000111. 1110011 100 01000-
11011 10101000100 000 0011000111, 8001101001, Βο10000100, 0010100001,

 

