’ xxxn

(111111111111111111 111111 W. 1111111111, Η1111111, (1111111111 11111-
111,Η111111 1171111111, 111111 111111111111 1111111111,111111 1111111111,
1 11111111 11 w 111111 1699 -1701, 1111111111 J. Κ111111111.

011 1111 1111111111111111 do 1. 1703 w 111111181111111 1111181·
11111111111111111111111111111, 11 0111111111 11111111111111111 111 111
swej 11111111111 11111111· 111111111111, 111111111111111111111, 8111111111
1011111111, 111111 1 (111111 1111, 1 11111111111111111111111,1111
w 1111111 11111111· 1111111111111111, 11111111, 111111 11111111111111-
11111111 1111111111 1111111111.

Ζ11111 111 1111 111111, (1111111 111 11111111, 111111 1111111 11111,
w samem 11111111111 1111111 111111· 11111 1111111111 1111111 1111111 111-
1111111 11111111111111111. .

11111111111111 1111111111111 w Uniw. 11111. 11111 Ρ11 Β111111·
11111 111 1111111111 131111111111111, 11 11 111111111111111 11111111,11111
w 1111111111 11111111. 111111 11 1111111 po polsku, (11 1111 111 10111111-
11111111111111111111) 1 1111111111 11111111111 111 1111 111111, 11 p. B.
1111111 1111111111111111111 1111111111 11111111.

111111 tego w 111] 1111111111 11111111· 1111111 1111111111 11111 111
1111111111111111111111111111 11111111. 1881 Nr. 111 11111111 111111,
11 w 1111111111111111 1111 111111111111111 11111 1 1111 11, 1111111111,
11 11111111 11111111-111 11111111111111111, 11 literatura jego jest 11
111111 od 1111111111 111111111 111111111111.

111111 11111111111111111111111111111111111· 111 1111111111 111111-

· 11111. 8111111111 11111111 1111111111111111.Τ11111’1 1111111111 1111111111

1111111111 1111111. 111 11111111111 111 1111111111 111111, 11 111111111111
11111111. 11111111111111111 11111111111111111. Ζ111111 1111111111111111·
1111011 1 1111111111 1111111111 11111. 111111 1111111111111111 111111 111111,
111 podda 11111111] 111111. 111111111111111111111 polonii 11111111111111·
1111 1 1111111111, 1111111 111 11111111 1111111 1111111111, 1111111, 111 11111111
11111111 111111111111111111 11111111 (11111 111111111111, 111111111111111.

J 1111 Κ. Α, 11011 1111111 Ρ1111111111 1 1111111111 (1111111111111111
8111011 11111118-188011111 (1111111 1111111111 sama 11111 1111111111
11111111111111111 11111111· 1101111111111111, 111 11111111· 11111111118111-
sky 1 r. 1548 1 1111111111 11. 1174. 11111111 1111111111 11111111 11111
1111111111 1111111111111111111111111111111111111811111111, 11111 w (111111
1111311111111111 Η11111111 1860 11111111 1601 (1111011 11111· 1111111111·
111111, 110111 1111111111 111111111111111. 1111111111 1111111, 11111-
11111111 111111111111 1111111111111, (11111111 od r. 1561 11111111.

Do 1111 1833 11111111811111111111111111111 1111111111 4941111·
1111, Ι111111111 616, Κ1111111 303, 11111 111111 1414 1111111 111111111-

· 111111 111 1800 1111111. 11111111111111111, 1111111111111111111111 ta 11

111111 111111111111 111111 111 1111111, 11 1111 1111111111 1111111111

 

