IX

0000100500 80501000 vom J. 1564-1730 im ganzen 866. In 00001000 001501
010000 01010 0101, im 00010000 10 00050 0010050000 30000011 = ,
80 00100100 1) 0001000000 (1609-1710) 15 2) flung (in Holland 1117) 1.
3) 1000 (000 7701001000 'rm Guv. 000500010511651-1665) 5. 4) 1100100
(1564-1730) 758. 5) 001000 (1670) 1. 6) Petersburg (1711-1730) 80.
7) 8105000 (10110010οΒ1οῑ00000 0000 0005 01010000οο00 1577) I. 8) Stouk-
5050 2. 9) 8105005003 (010 111010 1706) 1. 10) 0010010οο Syjski Monastyr
(000005000101010 1670) 2. 700 dieser Zahl 0011οΙ100 001 000 0000000οἰ05
001501 845 80501000, 000 001 166 10500 0001001 10501105 0000500501111105 0101
0000100010Κο 50101101
Ι 1010101000οτ 001003 000 0000100500 Βο050000100 0001 10 010 Ζο11
000 110005010000 000 000100 0000001100 805010 0100 10 000 J. 1564 00 001000,
’1000100005 01051 00310105 000 0010ος 000 0000100500 1111000100 511001, 100000
00 5100 1000511050 7700100 waren. Anderweitige 0000011105 10 0000011005οη

80000500 0000001000001000501000 gab 00 01051 000 0000011000 001505010 ’ “

000 17100000000011 0005 000 8000050 000 0100000500, welche 000010 010
8000050 000 1110000 war. 110 50000510 0100 01101105ος, 0000 0005 000 0050
’ 00101105,0101]0111110000100 050000οἱ0 00051100511050οΖ00050111.150010
0000100100 1111000100 101010 10110005 01051 3010000100.
Βο5010 01000 gennem Unterseheidung der mit 1001005001011000 ge-
. 00001100 80101000 0001 15000 0001 1100011010000100, 0003001100 010 0000001
, 0015011001μο 0100100500 stamen 010 000 00010005010500 00000000 0001101-
30010111 000 vor 00000501050000000100 0000511101 000000 001100, lasse 105
5100 010 0000101100 7000005010 010000 000010 10 050000501005000000000101-
gen 000 00000 ’
1) 10101005-00150010050, 00101001-010010050 10000 0010100500 00010000
, 2) 8100000050 (8005100, 7170100101, 110010οο000, 0500001100). . '
3) 1100010050, 0505010050, 000100100050 (10001000) 0000011105.
0) 0000001100 00010000.
. 5) 0000001110 1100010001
1110000 ganzo 7000015 1001111005οῑ 11000100 510 zum Eudo 000 1171115,
010 000 11001 000 0000100500 1111000101 511000 (mit 000000 5011000 00010 00-

00000 80000500 00000 01051 30000011), 5010131 10 1100010100 010 10101· 10 110 ’

01000 534, 0001000001 11, 0010000 1, 810010501οι0 2,‘ Syjski Monastyr: 2,
1100001100οω1οε5, 81050000 1.

77000 wir 0000 010 110100000100500 0000100501000 10 000 0001, Ρο100
0051000000 8110100 0. 1. 10 1110οε 80, 10 0000105000 30 (wo 10010000 vor·
0050505 80501000 mit poluischem 10010 00000011 000000), 1100000601 2-
510000005000, 00 00501100 wir 10000 674 80501000, 010 im xv-xvn 15010·
0055000505 10 00001000 0000 010Βο001000 30000011 000000

0

 

