, 11

111611111111161161111111111111111111 111161111111111111 1 1111116· ³

rus'kich‚ 1111611111611 w 6611111111 lub 111 6611111111116111111111111111111ἑ

f 11111 161111111611 1611116 61 1. 1564 161611 1730 1111611 666. ’1111116-

1116 16 w 6111111111 w 1116111111161611, 111 1111111 161111161611.
11111611 1161 1611111111 1)1111111111(1611-1116) 16. 1) naga

’ ’ (w Η61111111171711. 3)Ι1111 (11 11116111 1111111111 w Archaflgols.

gubernii 1661 - 1666) 6. 1)11611111(1661-1116)161 6) 0111611 11611) 1.
6) Ρ11111111111711κ1730) 60. 7) 81611611 (w 1161111111Β11161161111
611111 1111111161111 1577) 1. 6) 8161116111 2. 9) 61611111111611 111-
1111 1106) 1. 10) Antoniewo-Syjski 1161111111 (w Archangiels. gub. 16111.
Z 111 11611111 11111 1111111 111111111111011 w 61111111 1161161161641
66 61111 11111 166 1611111111616611111111611616116 po 11111 1111011.
. Ζ11111111 111 1111111111 Rossyjskiego 11611111111611116 611111111-
szego 11116 16 1111 61 1. 1664; 1101111111111111111611111111111111111111
11611 11111 6111111111 111111. Ι1116111111011, 1111611611 11116111111611
11111161 1111111111 nie 11116. Κ111 6111 61111111 1111111 11111, 1111611111
1111611116 111111, 111111 hyla 116111. Ρ11ο11111 111111 111161111111111161
1161111116 1111111611 11116 11111161 1 1611116111611611 6111111116. -
111 1111611111 11111 1611111111 literature 11111111611111 1111111111.

Aby 16110111111111111011 11111161 11111111 1111111 11111611111111111

111111 1111661111 1 111111 111111 6111111111 1161111611 116111111111,1111111 ÷
1111116161611 11110611, 11 1111611 111111111161116 161116111,16111111111611- .

1161161111616111111 1111 11611 1111011111161116111
1) Pols'ko·ruskie. 161111111111111111116111611161111111.

2) 81111161 161111161161 (81111111,11616111, 0111161111, 1161111111).
3) 11711116 11111111, 8111611111111111 11611111. (1161111). 1111111

6) 11116111111 1111161.

6) 1111611111 ’11 1161111.

 

