1661. 63. , 1666. 66.
1606. 61 . 1664. 66.
1666, 11. . 1666. 66.
1610. 66. 1666. 66.
1611. 61. 1661. 41.
1613. 58. 1636. 16.
1613. 66. 1666. 66.
1616 66. . 1613. 60.
1616. 63. . , 1641. 16.
1616. 16. 1616. 66.
1611. 16. . 1663. 66.
1616. 66. . 1611. 16
1613. 66. 1616. 66.

auem 4749.

06 ’61616116161616 6 11616611, 161611616161 1116166 6 116161616611.
61666611 6111161 11616161661 11Ρ61666 11161611 16 16166 18 1116111661
6161661661.

Β111161161 6661161611 6616611661 116161616 11Ρ61666 1161616161161
61611166 11166661 jeden 6 11616161661 61161· 61661661. 6116616 1616116
1166161116. Ζ tego okazuj6 61616 161616 1800 w 4661661661, 11116 1616
11 1166611 jak 1111616116, 616116161661111161161111616111 76, 16116161

1. Αι6616116166116(1699-1710). 3) 11. 6116611.
1) Ι. Α. 16661616 4 Α. Zeliborskiego.

2) J. Τ. 1611616666 5 W. 11616661111616.
3) A. 61661666. ¹6? J..81umla1iskiego.
4) Gur. 1161666116. 15. 66161616 w 161116
2. Effinilggrkffiffilewskipj 111). 16¹ 4141111116 ι’43111111161111666
3. Belgradzka (2616 16661116 11 Dalmacyi). 2) 1111161616 6666666611.
1. Wenecka (Benatky). 3) nouantem 11661116 011611661611611
1) Βο111616 1161611666. 11. 11611161611. ’
2) 6166661616 Βο111616. 1) 1166161166
3) 1116166116626161611116 2) 8161161116.
4) 1616116 2611166. 3) 116666161111161611616 5.
6) 6616661616 6116611611. 4) 116161616111166).
5. 1111611616 ‚¹ 5) 16611ιῶ11611) 6661616116
1) 1616116 11611666. 18. 1116111166
2) 1166661666 . 13. 666616166161161611616.
3) 616616. 20. 0161611616
4) 1166661616 11161116. 21. 06116
5) 111161611616 1166161616 61166116 22. Ρ1116
6) 111166611616 1161611616 1166661616. 23. 1166611616116161611616118611111616611·
6. 661611661611 Hercogowinie. - 6611111. 1
7. 661661611616 1166661616 66 1161111111. 24. 1166166666616 6611611616.
6. 26116161616661111116. 25. 1161166116
1) 11666616161166661611616. 26. Ρ6161611111 ka. ·
2) Τ. 11 11616. ’ 1) Ρ61616 1111616
3) 6111111666 6611616 2) 1166611616 1116111611611611611616.
10. 6161616166116161 Franka. 3) 66661616.
11. 111661616616616 · 1) 6166111166
12. Κ111ο6161161111611661. 5) 6161661616 -
13. 1161616616 66 6161611161. 27. 6161611.
1) Spi. 8611616. 261166661616 1616616116611611616 (11 gub.
2) 116666111116 Archangielskiegg.
14. 11161616. 29. 1166611616 S 6116611616.
1) J. Τ66161ο116 36. 66611616616
2) 61661116 6161116ρὶ111 31. 6161661611611.

 

