xm

W 66166 616166161611611616 61611 Rossyi 111116 1161666616 11616161
116 66616111161116661611, 1616611 16116 1564 1166161, 1565 (1666611611,
1568 Ρ661111, 1589 Γ1116116616616, 1591 111611 16161166 1166111111594011-1
161611, 11161, 1597 111661 161, 1598 0666616111, 1600 1116616 (1116 1661). 061-
16161111611161616111.11166661618161161616 1. 1577 Ρ661111.

To jest 161166 61611166 XVI 61616616. Po 111161616616111061111611-
16616116161,1111616666 6 111616 116161611611116116, 1111666 111611 661666
66616161616116 1161111116. Ρ161161111161 16 6161116 116611 061161611 1616116.
01611161166. Ρ66661116 11111111 6116161666 111, 66116616 , 16 11661116 66·
11616666 661116661116116161116 611616 Ρ61666, 661616 1111166161 J. 161616·
111661Ρ161111661616116611166 11616111 66111116 6116 6 Ρ616111 1 16 Ρ616111
161 11116111.

W 1116111 XVII 1161611666 116 1166611 w 1166111116, w SJJ'skim i 11161·
61116 1166661616611.1111666 161 1161166 11111611. 1116 66 1611611111 6166·
661166 616161116161611, 1666 1111666616 6611161166 6611116166 16 6116116·
1661616616116161 6116611111,1111616166111166 1116616 16661616616 616·
1661611616116, a 616 16611166 1116161116, 61166616 6161666616116,616 66111
1161166616. »

Ρ666 66111116, 6166616 1616116611 616 616 6616. 1611161661111116 dru-
11111 61666 6161666161, R. 163411161161611611611616661116661. 16811657,
1664, 1672, 1688, 1696, 169811 r. 1647 6611116 666111 1616116661, 1. 1648
(1166611116 8161161616 Μ. 8661161611616 1616111616 611616 1 1166111111
6 611611 w Ρ61666 11166161, 1. 1649 (11666616 (1616 Alexandra, r. 1654 Η16-
6616 1666166661606161166611611666,1. 1686 Κ61661616 666666616661,
1693 [1166611 Β11111, 1. 1694161661661Β6111161 616111666- 166611611161 116·
6166, (Κ6111116161), 1. 1696 1161 16616116661 Ρ16116116111111116116111616
1161161· 6616166616 116111. 16 16161161 161616161.

11166 616 61616 616 661116161161 1661 w XVIII 1116116.

W r. 1707 1111616 Ρ611116116111Β6111161, 1. 1702 Μ6611611661611, 1. ‘

1703 11611611616 1111661116 1 1161611161, 1. 1704161116116116 81616111
6111661661, Β11111161 6161161611, Μ66116 11661611, ’81616616616 11116611,
1. 1706 1161111166 1666161616116 11661616 (16166166 1111666 16 1661111 (1666
616 1161166616) 1111161 16161161 6661 111 16116116 661 1161161661 161Κ6-
116666. 01 1616 66666 61616 111166166161666666 161 10 6616116116116116111
1166161611 1 w 1161166616 116616166611. Ρ1161616 1666161111 Nowgorodzie
r. 1707 11111666 1161116666 6611161611, 1. 1708 Β11111161, 1. 1709 11616616
6 1111116 161 Ρ6116116 (6 1616116161), 1. 1719 Β6166111666 1161616 1166616166,
1. 1721 8661161611616 (1166661116, 1. 1721161611116111616 1111111166 Ρο-
116111266 86116616. Te 11111 11611 66611666116.

Ρ616161111161116 616 161666. W r. 1717 61666166161616161061611166·

6116111611 11666 Ρ1611616111666, 1. 1713 Μ6116166111666 (1166661116, 1. 1714 ·

1361611611616 166611616116661, 1. 1726 1161161611 Ρ16116111., Gramatyki
16661161161116611 w 0161611616 1696 1816166616116 1706 6 1166161166

 

