X

1111 1661616, 611616111 16 611, mimo 6616661616, 1161661611 61611616 1116-

6116 11116166 6611611116 161611, tomi 1166116611 1111, 6 6116111 661111
6116161· 61611161, 616 1661111611 1661616 6161166116. 2111 661 11161 1616
1161666 61161 6611166661111616 1 661166116116161166161161 66161611 ιο
1661616 6616161· 1661166111. ’

161 6611166661 6166661611 1161116611, 1166116166611661616 6111111·
661611, 6 111116116161116 6166116661 16 116616 616 1616161611. U nich 11661661
1661166616116 11116166 a 616616161611116.Ζ116 1616661111 11161 66616116 ,
616 661116116616616. . '

Ι 11116116661616 w 1611611166] 611616 (1666116116 661 Β6616166161
Κ6661.1640. 16161616 11661616 61166161666 11111 611616, 6 11616 61611
sie 6116616111 1161, 116111 lubia 6166161 1611161166 66616 166616 Druki
016161616116166611611661 161116, 111661661616116 01161611 ,1661111166-
66666 1 r. 1490 166116 11111161 11661661, 6 16 11 111116 1111116116. 11166·
61616 6161 0611611 11 (1616616116, 1611661661 6116601616161611616116161
6616661. 1111161 61616 w 11661116 11 1. 1663 161661 6166666661616ι’
1161616161, 616 11 11661111616661. 01611666 66161, 16161116611161· 1166611111
1616111611 sie 61611 w Mohilowie 16171. (16161616 1616), Κ1161116 1618,
Κ6161616 1662 (1166611116 1631). 1161616 (Η616661),1666. 11611116 1101.
1161616116 16116611616616111616) 1641. Ζ1ο16 1611666116 6166116661
16611661 1 11616111 16161161 11161161 1161116611, 1116111661 11161161661
6111116, 16116 16 61161616 6116, bo 16116116111616616·1111616611
6116616 61111116 661166 Ρ61616.

Β11661111611 1111666111 sie 111116116161116166611661. 1161616161116661
1661 611 to 6161 w 11111616, 611 w 11666611, 611 11 8161611 166 Κ16161116.
J 61611 11116 Κ1111161 11661661, 1611616 sie 66 1166611611611,16161616,166161
166 111616661661 1111 616 616 116116611116661161161, 1661 1111161616 616
16161161 Β16161661, lub 616Η611161611,Β61116111 1. p.

Κ111116 66616116 616116611 sie 61 166 616666 1661111161 61161616
6661611616 161111611666, 6111161661 16161161666161 1 666161 1116666661.
11161661 16116666161161, 81116611 66161161· 1116111611 616 116161 6611166661,
bo 6166611 11166666 661111 1 6611116666 66611.

Β1111611616116166611661 6111 1661 61611. 1616111116116611616. “

116166 166 6116161· 161 1616661166 1611111161 6111 1116661161161 1116166116
1161161116 1661 6166166116, 111661 w 6616161611 6116111661 161 111616 166-
616611161 1611611 111111116116111 166116166111.

Ζ61111 6116611166661661 1116611666111161661161· 6116161· 16116116161611·
161. 11111611 11161161 1161611. 6111166616111 1116611616 tem, 1616161161

1 tem. 8161161 116611 16661111 Β161111611 1661616 w r. 18401111611, 11 ’

1166611 616 ma 1116161611. 8661161611 116166611 1. 1849 61161 1116116111
1 6161611 661161 po 1611666111 1116111611, 616 616 616] 1166166161 6161116
1611166111 6161611 1161166 1616111611611 11 166116661616 666111116ιί61 Β116
11 16661616 1116161616 66 11161666 Petra 1161116161

 

