XXX

Szafarzyk Ρ111111111 1 1111111111 111110 11111111111111111111111-
1111111111111111 111111111 XV —— XVII (Ozasop. Muzeum 01111, 1842
1. 93 - 117) 11111111 11111111 1111 11111111 11111111 (1111111111111111111.

1) 1111111111 2) 01111111 11111111 111111, 1111 11111111 11111111111
1111111111, 1 3) 01111111 11111111 (111 1111111 111111111111111111. Β1111111
1111111111 (111 1111111111 1. 1538 Ρ1111111.01111111111111111111111111-
111111111111οι1ς 111 1111111111 1 Wenecy)⁸ (Β1111111111Κ1111111.

Ζ11111111111 111111 1111111 1111111111Κ11111111 1 tem, 11 1111
1111111111 1111111111 11111111 od r. 1731 to 11111111111111111111111111111
(11 111111 111111111111.. 1111111· 1111111111 1111111111 1111ζ111111111111111,
11111111 1111111, 1111111111Ι 11 111 1111111111111 1111111111. 1111111 11-
11111111, 1111111111] 111 1111111111 1111. Ν11111 11 11111111 Μ1111111, Jgor
111111111111111111111111111111111 11111111 1 11 1111111 1111111111
1111111, 111 11111111111 111. Aby go 1111111111, masiano go 11 1111111111 ⁸
1111111111.

Ρ1111 Wielki 1111111 monarchia 1 1111111111, 1111111 111111· 1111-
111111111111111 1111 pismo. 1111111111 111111111111 11111111111111.
11111111, 1637 11111 111111 Ρ11111Μ111111 1 Kijowie, 111111 11111111
111111111111111111111111111 111111111111111111, 1111 11111 1111111111 tomi
11111 11111111 111 r. 17071 111111111 11111ρὶ11111 Wiedomosti. Wydany
111111 1111111111 Dyblihskiego 11111111111111111 11111. 11 1111111111 11-
11111 1 Wilnie (1111111111 1111111111 111111) Μ11111,111111111111 Ki-

11111111, 11111111 11111 11111111 1111111111. 011111111111111111111111111 . 3

1111111111111111111111. Priklady 1111 1111111111 1111111111 1708
1 (1111111111 111111 1. 1708 1 Μ111111.

To 11 1111111111111111111111111111111111111 11111111111111111, 111
1 1111111111 i 111111111111111.

1111111111111111111111 1111111 bo 111 111111 1111111111111111111.
Tu hyl 1111 11111111 1111111111 111 1 11111111. 1111111111111 111111 1111·
, lezieniem druku, 1111 1111111111111, 1111111111111111 1111111111 11111111
111111 1111111111 11111111111111. Tego 11111111 11111111. Byli 11111111-
11111 11111 1111111111 1111111111, 1111 1111 11111, 111 (11111111 1111111.
Τ11 samo bylo 1 (1111111111. 11111111111111111111111111 1111111111
1111111111, 11111111111111, 111111 11111 1111111111, 111111111111111111

, 111 111111111111 11111. 1111111111 11111111, 11 (1111111 1111 11111 fran- ·

1111111 1 1911111111111111 drukarni, bo 111 1111111111111111111 111
111111 11111111. Β11111111, 11111 111 11111 111 1 111 111111 1111111111,
1111111 1111 111111111 1111111111111111111111111. Ι1111111111111111-
1111111111111111111111 1728 1111111 111 111111111111111111111,11111-
1111111111111 sama 1111111111 1111111111 Wielko-rossyjska·

Druk 01111111 11111111 1111111111 1111111111 11111111, 1 1111111111
111111. 1111 1111 11111 (111 1111111111 11111111.

 

